Weight at Layer 1:
0.2,0.1,0.2,-0.7
-0.1,-0.6,-0.7,0.5
0.3,0.1,-0.2,0.6
0.3,0.1,-0.6,0.7
0.6,-0.3,0.5,0.6
-0.1,0.2,0.4,-0.1
0.7,0.3,-0.4,0.1
0,-0.1,-0.3,0.2
Bias at Layer 1:
-0.8
-0.6
-0.3
-0.2
0.3
1.5
-1.6
-1.5
Weight at Layer 2:
-0.1,0.4,-0.5,-0.1,0.4,-0.2,0.2,0.3
-0.3,0.2,-0.1,0.4,0.1,-0.4,0.5,0.5
-0.1,-0.4,-0.5,-0.2,0,0.2,0.2,0.1
-0.2,-0.1,-0.5,0.4,0.1,-0.2,0.4,0.2
0.2,-0.1,0.2,-0.1,0,-0.2,0.3,0.5
0.2,0,0.3,0.2,0.5,-0.4,-0.2,-0.5
0.4,-0.3,0.2,-0.4,0.1,0.5,0,-0.2
-0.2,-0.4,0.4,-0.2,-0.3,-0.3,0.5,-0.4
0.1,-0.3,0.3,0.3,0,-0.2,0.2,0.1
0.5,0.2,0.1,-0.4,-0.1,-0.2,0.4,0
-0.3,0.3,-0.5,0.4,-0.2,0.1,-0.5,0.5
-0.5,0.2,0.4,-0.3,0,0.5,-0.4,0.5
Bias at Layer 2:
-0.1
-1.9
0.5
-0.9
-0.7
-0.8
0.2
-0.9
1.6
1
-2
1.1
Weight at Layer 3:
0.1,0.5,-0.5,0.6,-0.4,0,0.5,-0.5,0.5,0.2,0.3,-0.6
0.4,-0.2,-0.5,0.5,0.3,-0.5,-0.3,0,-0.5,0.4,0,-0.2
-0.1,0.2,0.6,-0.5,0.3,-0.3,-0.5,-0.1,0.6,0.4,-0.3,-0.2
Bias at Layer 3:
-1.1
0.4
1.2